floor 1

01, 1, 2, 3, 4, 5, 6, 7, 8, 9, 10, 11, 12, 13, 14, 201, 202, 203, 204, 205, 207, 208, 209, 210, 211, 212, 213, 214, 215, 216, 217, 218, 218a, 219, 220, 221, 222, 223, 224, 225, 226, 227, 228, 229, 230, 231, 232, 233, 234, 235, 236, 237, 238, 239

floor 2

bufet, 15, 16, 17, 18, 19, 20, 21, 22, 23, 24, 25, 26, 27, 28, 29, 30, 31, 32, 33, 301, 302, 303, 304, 305, 306, 307, 308, 309, 310, 311, 312 

floor 3

39, 40, 42, 43

floor 4

401, 402, 403, 404, 405, 406, 407, 408, 409, 410, 411, 412

floor 5

501, 502, 503, 504, 505, 506, 507, 508, 509, 510, 511, 512

floor 6

601, 602, 603, 604, 605, 606, 607, 608, 609, 610, 611, 612

floor 7

701, 702, 703, 704, 705, 706, 707, 708, 709, 710, 711, 712